1.480000019073486328e+00 2.450000047683715820e+00 1.529999971389770508e+00 2.470000028610229492e+00
1.533331871032714844e+00 2.679478168487548828e+00 1.465746402740478516e+00 2.488114356994628906e+00
1.587270498275756836e+00 2.722346782684326172e+00 1.395136475563049316e+00 2.271687507629394531e+00
1.738892316818237305e+00 2.914200782775878906e+00 1.390881776809692383e+00 2.224367856979370117e+00
1.949361920356750488e+00 2.861176967620849609e+00 1.470669746398925781e+00 2.113909482955932617e+00
2.142166852951049805e+00 2.854304075241088867e+00 1.565180540084838867e+00 1.984611868858337402e+00
2.264721393585205078e+00 2.774184942245483398e+00 1.674438834190368652e+00 1.881675243377685547e+00
2.455196142196655273e+00 2.684211969375610352e+00 1.849519729614257812e+00 1.768948078155517578e+00
2.645520448684692383e+00 2.564874887466430664e+00 2.036057472229003906e+00 1.673848032951354980e+00
2.513140916824340820e+00 2.353838443756103516e+00 2.144673824310302734e+00 1.747178912162780762e+00
2.605067491531372070e+00 2.187183141708374023e+00 2.282294750213623047e+00 1.646631717681884766e+00
2.691993236541748047e+00 2.059781789779663086e+00 2.474480390548706055e+00 1.679477930068969727e+00
2.532107114791870117e+00 1.990848541259765625e+00 2.479384183883666992e+00 1.692890882492065430e+00
2.521746397018432617e+00 1.838338136672973633e+00 2.518069505691528320e+00 1.615849971771240234e+00
2.480000495910644531e+00 1.519999861717224121e+00 2.509999036788940430e+00 1.529999971389770508e+00
