1.480000019073486328e+00 2.450000047683715820e+00 1.529999971389770508e+00 2.470000028610229492e+00
1.572922468185424805e+00 2.663506984710693359e+00 1.415317893028259277e+00 2.489554405212402344e+00
1.751390457153320312e+00 2.773009538650512695e+00 1.376988887786865234e+00 2.185248851776123047e+00
2.106830120086669922e+00 2.906879186630249023e+00 1.546126484870910645e+00 1.996914744377136230e+00
2.326856851577758789e+00 2.940589189529418945e+00 1.653568625450134277e+00 1.850439429283142090e+00
2.416583061218261719e+00 3.071167707443237305e+00 1.798436880111694336e+00 1.644205570220947266e+00
2.366723537445068359e+00 3.201127052307128906e+00 2.063104152679443359e+00 1.585958957672119141e+00
2.413888454437255859e+00 3.268674373626708984e+00 2.359075784683227539e+00 1.577922224998474121e+00
2.725527763366699219e+00 3.238773107528686523e+00 2.211234807968139648e+00 1.496065378189086914e+00
2.807949304580688477e+00 2.976024866104125977e+00 2.553865671157836914e+00 1.558180809020996094e+00
2.686331987380981445e+00 2.712483167648315430e+00 2.496272802352905273e+00 1.446134805679321289e+00
2.637471914291381836e+00 2.361671924591064453e+00 2.429293394088745117e+00 1.578048229217529297e+00
2.640656471252441406e+00 2.073574542999267578e+00 2.531222343444824219e+00 1.495584130287170410e+00
2.633430004119873047e+00 1.686389684677124023e+00 2.692853927612304688e+00 1.524540185928344727e+00
2.480000972747802734e+00 1.520000338554382324e+00 2.509999513626098633e+00 1.529999971389770508e+00
