1.480000019073486328e+00 2.450000047683715820e+00 1.529999971389770508e+00 2.470000028610229492e+00
1.766955375671386719e+00 2.673718214035034180e+00 1.244187831878662109e+00 2.360371351242065430e+00
2.049179315567016602e+00 2.783488750457763672e+00 1.319189667701721191e+00 2.426615715026855469e+00
2.394792795181274414e+00 2.990106344223022461e+00 1.476004958152770996e+00 2.597517013549804688e+00
2.719024896621704102e+00 3.076050758361816406e+00 1.555941820144653320e+00 2.567462682723999023e+00
3.040860891342163086e+00 2.947743415832519531e+00 1.440826535224914551e+00 2.652877569198608398e+00
3.151301860809326172e+00 2.868876457214355469e+00 1.554874300956726074e+00 2.331263065338134766e+00
2.937206506729125977e+00 2.962177038192749023e+00 1.648193120956420898e+00 2.074758291244506836e+00
2.770498752593994141e+00 2.904144287109375000e+00 1.781559824943542480e+00 1.751957654953002930e+00
3.026362180709838867e+00 3.022205591201782227e+00 1.964665293693542480e+00 1.626797437667846680e+00
2.808294057846069336e+00 2.611274957656860352e+00 2.059531450271606445e+00 1.592402696609497070e+00
2.782861948013305664e+00 2.312242507934570312e+00 2.314539909362792969e+00 1.585262894630432129e+00
2.638139009475708008e+00 1.905947923660278320e+00 2.512137889862060547e+00 1.574041366577148438e+00
2.589184522628784180e+00 1.682582139968872070e+00 2.645996332168579102e+00 1.507027268409729004e+00
2.480000495910644531e+00 1.520000100135803223e+00 2.509999036788940430e+00 1.530000090599060059e+00
