1.480000019073486328e+00 2.450000047683715820e+00 1.529999971389770508e+00 2.470000028610229492e+00
1.511973619461059570e+00 2.561357975006103516e+00 1.342601895332336426e+00 2.312316894531250000e+00
1.722283482551574707e+00 2.727721452713012695e+00 1.498642444610595703e+00 2.086076259613037109e+00
1.932764172554016113e+00 2.739274263381958008e+00 1.572013258934020996e+00 1.975742936134338379e+00
2.160084724426269531e+00 2.895347118377685547e+00 1.606116175651550293e+00 1.932496666908264160e+00
2.328512907028198242e+00 2.827749490737915039e+00 1.658329844474792480e+00 1.834035396575927734e+00
2.542313575744628906e+00 2.958362817764282227e+00 1.747020244598388672e+00 1.655902862548828125e+00
2.717320203781127930e+00 2.967396259307861328e+00 1.956394672393798828e+00 1.588819622993469238e+00
2.826173305511474609e+00 2.753903150558471680e+00 2.071341753005981445e+00 1.550095915794372559e+00
2.981644868850708008e+00 2.562069416046142578e+00 2.213463783264160156e+00 1.624781012535095215e+00
2.819342613220214844e+00 2.352497816085815430e+00 2.271497726440429688e+00 1.507464766502380371e+00
2.721027374267578125e+00 2.065365314483642578e+00 2.366211175918579102e+00 1.502745509147644043e+00
2.632416248321533203e+00 1.835863828659057617e+00 2.470279216766357422e+00 1.553531885147094727e+00
2.641001224517822266e+00 1.733702659606933594e+00 2.573552608489990234e+00 1.487342238426208496e+00
2.479999780654907227e+00 1.519999861717224121e+00 2.510000467300415039e+00 1.529999971389770508e+00
