1.480000019073486328e+00 2.450000047683715820e+00 1.529999971389770508e+00 2.470000028610229492e+00
1.414323925971984863e+00 2.400748968124389648e+00 1.572309613227844238e+00 2.319197177886962891e+00
1.570184469223022461e+00 2.684792041778564453e+00 1.384073138236999512e+00 2.085237503051757812e+00
1.793123245239257812e+00 2.734754085540771484e+00 1.448483467102050781e+00 1.877516388893127441e+00
2.076036453247070312e+00 2.815673828125000000e+00 1.510014057159423828e+00 1.924799799919128418e+00
2.280728101730346680e+00 2.795896530151367188e+00 1.541779398918151855e+00 1.800925731658935547e+00
2.512857913970947266e+00 2.943994998931884766e+00 1.706167697906494141e+00 1.683385491371154785e+00
2.698707818984985352e+00 2.987450599670410156e+00 1.967784523963928223e+00 1.529088377952575684e+00
2.872389078140258789e+00 2.780058622360229492e+00 2.062748670578002930e+00 1.616694808006286621e+00
2.985918045043945312e+00 2.566857576370239258e+00 2.219854354858398438e+00 1.523728013038635254e+00
2.832094669342041016e+00 2.326994419097900391e+00 2.304794311523437500e+00 1.452592730522155762e+00
2.660063266754150391e+00 2.088544130325317383e+00 2.332770347595214844e+00 1.529589891433715820e+00
2.670384407043457031e+00 1.855053067207336426e+00 2.469445466995239258e+00 1.404735207557678223e+00
2.531219959259033203e+00 1.673318505287170410e+00 2.651651382446289062e+00 1.417659878730773926e+00
2.479999780654907227e+00 1.519999861717224121e+00 2.510000467300415039e+00 1.529999971389770508e+00
