1.480000019073486328 2.450000047683715820 1.529999971389770508 2.470000028610229492
1.706939220428466797 2.587451219558715820 1.524234056472778320 2.493342161178588867
1.934723258018493652 2.723680019378662109 1.518494486808776855 2.516475915908813477
2.164746046066284180 2.855221033096313477 1.512076973915100098 2.541558980941772461
2.397742748260498047 2.981585979461669922 1.507420420646667480 2.560043334960937500
2.644902229309082031 3.054361581802368164 1.493256926536560059 2.607066631317138672
2.888880729675292969 2.993763685226440430 1.508529782295227051 2.535869836807250977
3.117266416549682617 2.919022560119628906 1.465942263603210449 2.632483959197998047
3.143883705139160156 2.891872406005859375 1.536692142486572266 2.394987106323242188
3.018184423446655273 2.935474395751953125 1.610385775566101074 2.178446769714355469
2.893918752670288086 2.991566658020019531 1.680125832557678223 1.961028218269348145
2.762341260910034180 3.044737815856933594 1.749397754669189453 1.752049207687377930
2.850567579269409180 3.067213773727416992 1.836976528167724609 1.532644033432006836
2.865106105804443359 2.845769166946411133 1.945723295211791992 1.613484621047973633
2.840160369873046875 2.633849859237670898 2.098511457443237305 1.586417317390441895
2.806922674179077148 2.414048910140991211 2.243854999542236328 1.575036525726318359
2.759867429733276367 2.194695234298706055 2.385460615158081055 1.552949190139770508
2.701331377029418945 1.969496726989746094 2.513194084167480469 1.532305955886840820
2.615082025527954102 1.732378482818603516 2.588507175445556641 1.518973588943481445
2.480000495910644531 1.520000100135803223 2.509999036788940430 1.530000090599060059
