1.480000019073486328e+00 2.450000047683715820e+00 1.529999971389770508e+00 2.470000028610229492e+00
1.521263599395751953e+00 2.634847164154052734e+00 1.455465197563171387e+00 2.579055309295654297e+00
1.583881020545959473e+00 2.721843004226684570e+00 1.361600637435913086e+00 2.298243522644042969e+00
1.782803654670715332e+00 2.860045671463012695e+00 1.352438330650329590e+00 2.108405113220214844e+00
2.019351720809936523e+00 2.912530660629272461e+00 1.501305460929870605e+00 2.083723306655883789e+00
2.251061916351318359e+00 2.988014221191406250e+00 1.571719169616699219e+00 2.026792764663696289e+00
2.301385879516601562e+00 2.878793478012084961e+00 1.695360183715820312e+00 1.878237366676330566e+00
2.496115922927856445e+00 2.782496690750122070e+00 1.874747872352600098e+00 1.780192375183105469e+00
2.464974403381347656e+00 2.543885946273803711e+00 1.989021658897399902e+00 1.712070465087890625e+00
2.537784099578857422e+00 2.377167701721191406e+00 2.120253324508666992e+00 1.618354678153991699e+00
2.563926219940185547e+00 2.157160997390747070e+00 2.233013153076171875e+00 1.582334756851196289e+00
2.595199346542358398e+00 2.008108615875244141e+00 2.407275676727294922e+00 1.568833589553833008e+00
2.602849245071411133e+00 1.904129624366760254e+00 2.575688600540161133e+00 1.579128623008728027e+00
2.568793535232543945e+00 1.790106177330017090e+00 2.604068279266357422e+00 1.548235774040222168e+00
2.480000495910644531e+00 1.519999861717224121e+00 2.509999036788940430e+00 1.529999971389770508e+00
