1.480000019073486328e+00 2.450000047683715820e+00 1.529999971389770508e+00 2.470000028610229492e+00
1.562678217887878418e+00 2.701550245285034180e+00 1.422523140907287598e+00 2.454854011535644531e+00
1.659633040428161621e+00 2.797422647476196289e+00 1.341518521308898926e+00 2.180510520935058594e+00
2.052808523178100586e+00 2.891690254211425781e+00 1.444910764694213867e+00 2.038260459899902344e+00
2.332610607147216797e+00 3.005737543106079102e+00 1.694649219512939453e+00 1.816166281700134277e+00
2.514931440353393555e+00 3.084103107452392578e+00 1.812065124511718750e+00 1.609994292259216309e+00
2.685465097427368164e+00 3.156223773956298828e+00 2.071947097778320312e+00 1.581833362579345703e+00
2.386183977127075195e+00 3.259327173233032227e+00 2.366741180419921875e+00 1.565176725387573242e+00
2.723041534423828125e+00 3.269408941268920898e+00 2.405049085617065430e+00 1.478113651275634766e+00
2.924336433410644531e+00 2.985790014266967773e+00 2.475134849548339844e+00 1.577209234237670898e+00
2.688922643661499023e+00 2.698081254959106445e+00 2.505166769027709961e+00 1.470693230628967285e+00
2.580452203750610352e+00 2.373342990875244141e+00 2.482976913452148438e+00 1.552554249763488770e+00
2.646249771118164062e+00 2.074585676193237305e+00 2.588024377822875977e+00 1.418360948562622070e+00
2.609862565994262695e+00 1.642590045928955078e+00 2.642509698867797852e+00 1.443506360054016113e+00
2.480000972747802734e+00 1.520000338554382324e+00 2.509999513626098633e+00 1.529999971389770508e+00
