1.480000019073486328e+00 2.450000047683715820e+00 1.529999971389770508e+00 2.470000028610229492e+00
1.719820618629455566e+00 2.649111509323120117e+00 1.422270298004150391e+00 2.565396547317504883e+00
1.932330846786499023e+00 2.673485755920410156e+00 1.454625964164733887e+00 2.506736278533935547e+00
2.347879648208618164e+00 2.903681039810180664e+00 1.455406785011291504e+00 2.441795825958251953e+00
2.672795534133911133e+00 2.969162464141845703e+00 1.542417645454406738e+00 2.562816381454467773e+00
3.092327117919921875e+00 2.975716352462768555e+00 1.452920675277709961e+00 2.626285791397094727e+00
3.073019742965698242e+00 2.755199432373046875e+00 1.469960212707519531e+00 2.364511013031005859e+00
2.947821140289306641e+00 2.881111383438110352e+00 1.617620229721069336e+00 2.069454669952392578e+00
2.874384164810180664e+00 2.760369062423706055e+00 1.748399376869201660e+00 1.689041614532470703e+00
2.953781843185424805e+00 2.945411443710327148e+00 1.957822561264038086e+00 1.598843932151794434e+00
2.824940681457519531e+00 2.600051403045654297e+00 2.127459526062011719e+00 1.505260467529296875e+00
2.752130985260009766e+00 2.298580646514892578e+00 2.379541158676147461e+00 1.482841372489929199e+00
2.729382514953613281e+00 1.957430839538574219e+00 2.572368860244750977e+00 1.359237313270568848e+00
2.579466819763183594e+00 1.641835212707519531e+00 2.682199954986572266e+00 1.439570784568786621e+00
2.480000495910644531e+00 1.520000100135803223e+00 2.509999036788940430e+00 1.530000090599060059e+00
